Mon Oct  7 10:15:43 EDT 2024
c31a-s24.ufhpc

nx =

    25


ny =

     8


nz =

    25


dist =

     8

Source_8f_nxi_001_nyi_001_nzi_001.mat
Source_8f_nxi_001_nyi_002_nzi_001.mat
Source_8f_nxi_001_nyi_003_nzi_001.mat
Source_8f_nxi_001_nyi_004_nzi_001.mat
Source_8f_nxi_001_nyi_005_nzi_001.mat
Source_8f_nxi_001_nyi_006_nzi_001.mat
Source_8f_nxi_001_nyi_007_nzi_001.mat
Source_8f_nxi_001_nyi_008_nzi_001.mat
Source_8f_nxi_002_nyi_001_nzi_001.mat
Source_8f_nxi_002_nyi_002_nzi_001.mat
Source_8f_nxi_002_nyi_003_nzi_001.mat
Source_8f_nxi_002_nyi_004_nzi_001.mat
Source_8f_nxi_002_nyi_005_nzi_001.mat
Source_8f_nxi_002_nyi_006_nzi_001.mat
Source_8f_nxi_002_nyi_007_nzi_001.mat
Source_8f_nxi_002_nyi_008_nzi_001.mat
Source_8f_nxi_003_nyi_001_nzi_001.mat
Source_8f_nxi_003_nyi_002_nzi_001.mat
Source_8f_nxi_003_nyi_003_nzi_001.mat
Source_8f_nxi_003_nyi_004_nzi_001.mat
Source_8f_nxi_003_nyi_005_nzi_001.mat
Source_8f_nxi_003_nyi_006_nzi_001.mat
Source_8f_nxi_003_nyi_007_nzi_001.mat
Source_8f_nxi_003_nyi_008_nzi_001.mat
Source_8f_nxi_004_nyi_001_nzi_001.mat
Source_8f_nxi_004_nyi_002_nzi_001.mat
Source_8f_nxi_004_nyi_003_nzi_001.mat
Source_8f_nxi_004_nyi_004_nzi_001.mat
Source_8f_nxi_004_nyi_005_nzi_001.mat
Source_8f_nxi_004_nyi_006_nzi_001.mat
Source_8f_nxi_004_nyi_007_nzi_001.mat
Source_8f_nxi_004_nyi_008_nzi_001.mat
Source_8f_nxi_005_nyi_001_nzi_001.mat
Source_8f_nxi_005_nyi_002_nzi_001.mat
Source_8f_nxi_005_nyi_003_nzi_001.mat
Source_8f_nxi_005_nyi_004_nzi_001.mat
Source_8f_nxi_005_nyi_005_nzi_001.mat
Source_8f_nxi_005_nyi_006_nzi_001.mat
Source_8f_nxi_005_nyi_007_nzi_001.mat
Source_8f_nxi_005_nyi_008_nzi_001.mat
Source_8f_nxi_006_nyi_001_nzi_001.mat
Source_8f_nxi_006_nyi_002_nzi_001.mat
Source_8f_nxi_006_nyi_003_nzi_001.mat
Source_8f_nxi_006_nyi_004_nzi_001.mat
Source_8f_nxi_006_nyi_005_nzi_001.mat
Source_8f_nxi_006_nyi_006_nzi_001.mat
Source_8f_nxi_006_nyi_007_nzi_001.mat
Source_8f_nxi_006_nyi_008_nzi_001.mat
Source_8f_nxi_007_nyi_001_nzi_001.mat
Source_8f_nxi_007_nyi_002_nzi_001.mat
Source_8f_nxi_007_nyi_003_nzi_001.mat
Source_8f_nxi_007_nyi_004_nzi_001.mat
Source_8f_nxi_007_nyi_005_nzi_001.mat
Source_8f_nxi_007_nyi_006_nzi_001.mat
Source_8f_nxi_007_nyi_007_nzi_001.mat
Source_8f_nxi_007_nyi_008_nzi_001.mat
Source_8f_nxi_008_nyi_001_nzi_001.mat
Source_8f_nxi_008_nyi_002_nzi_001.mat
Source_8f_nxi_008_nyi_003_nzi_001.mat
Source_8f_nxi_008_nyi_004_nzi_001.mat
Source_8f_nxi_008_nyi_005_nzi_001.mat
Source_8f_nxi_008_nyi_006_nzi_001.mat
Source_8f_nxi_008_nyi_007_nzi_001.mat
Source_8f_nxi_008_nyi_008_nzi_001.mat
Source_8f_nxi_009_nyi_001_nzi_001.mat
Source_8f_nxi_009_nyi_002_nzi_001.mat
Source_8f_nxi_009_nyi_003_nzi_001.mat
Source_8f_nxi_009_nyi_004_nzi_001.mat
Source_8f_nxi_009_nyi_005_nzi_001.mat
Source_8f_nxi_009_nyi_006_nzi_001.mat
Source_8f_nxi_009_nyi_007_nzi_001.mat
Source_8f_nxi_009_nyi_008_nzi_001.mat
Source_8f_nxi_010_nyi_001_nzi_001.mat
Source_8f_nxi_010_nyi_002_nzi_001.mat
Source_8f_nxi_010_nyi_003_nzi_001.mat
Source_8f_nxi_010_nyi_004_nzi_001.mat
Source_8f_nxi_010_nyi_005_nzi_001.mat
Source_8f_nxi_010_nyi_006_nzi_001.mat
Source_8f_nxi_010_nyi_007_nzi_001.mat
Source_8f_nxi_010_nyi_008_nzi_001.mat
Source_8f_nxi_011_nyi_001_nzi_001.mat
Source_8f_nxi_011_nyi_002_nzi_001.mat
Source_8f_nxi_011_nyi_003_nzi_001.mat
Source_8f_nxi_011_nyi_004_nzi_001.mat
Source_8f_nxi_011_nyi_005_nzi_001.mat
Source_8f_nxi_011_nyi_006_nzi_001.mat
Source_8f_nxi_011_nyi_007_nzi_001.mat
Source_8f_nxi_011_nyi_008_nzi_001.mat
Source_8f_nxi_012_nyi_001_nzi_001.mat
Source_8f_nxi_012_nyi_002_nzi_001.mat
Source_8f_nxi_012_nyi_003_nzi_001.mat
Source_8f_nxi_012_nyi_004_nzi_001.mat
Source_8f_nxi_012_nyi_005_nzi_001.mat
Source_8f_nxi_012_nyi_006_nzi_001.mat
Source_8f_nxi_012_nyi_007_nzi_001.mat
Source_8f_nxi_012_nyi_008_nzi_001.mat
Source_8f_nxi_013_nyi_001_nzi_001.mat
Source_8f_nxi_013_nyi_002_nzi_001.mat
Source_8f_nxi_013_nyi_003_nzi_001.mat
Source_8f_nxi_013_nyi_004_nzi_001.mat
Source_8f_nxi_013_nyi_005_nzi_001.mat
Source_8f_nxi_013_nyi_006_nzi_001.mat
Source_8f_nxi_013_nyi_007_nzi_001.mat
Source_8f_nxi_013_nyi_008_nzi_001.mat
Source_8f_nxi_002_nyi_001_nzi_002.mat
Source_8f_nxi_002_nyi_002_nzi_002.mat
Source_8f_nxi_002_nyi_003_nzi_002.mat
Source_8f_nxi_002_nyi_004_nzi_002.mat
Source_8f_nxi_002_nyi_005_nzi_002.mat
Source_8f_nxi_002_nyi_006_nzi_002.mat
Source_8f_nxi_002_nyi_007_nzi_002.mat
Source_8f_nxi_002_nyi_008_nzi_002.mat
Source_8f_nxi_003_nyi_001_nzi_002.mat
Source_8f_nxi_003_nyi_002_nzi_002.mat
Source_8f_nxi_003_nyi_003_nzi_002.mat
Source_8f_nxi_003_nyi_004_nzi_002.mat
Source_8f_nxi_003_nyi_005_nzi_002.mat
Source_8f_nxi_003_nyi_006_nzi_002.mat
Source_8f_nxi_003_nyi_007_nzi_002.mat
Source_8f_nxi_003_nyi_008_nzi_002.mat
Source_8f_nxi_004_nyi_001_nzi_002.mat
Source_8f_nxi_004_nyi_002_nzi_002.mat
Source_8f_nxi_004_nyi_003_nzi_002.mat
Source_8f_nxi_004_nyi_004_nzi_002.mat
Source_8f_nxi_004_nyi_005_nzi_002.mat
Source_8f_nxi_004_nyi_006_nzi_002.mat
Source_8f_nxi_004_nyi_007_nzi_002.mat
Source_8f_nxi_004_nyi_008_nzi_002.mat
Source_8f_nxi_005_nyi_001_nzi_002.mat
Source_8f_nxi_005_nyi_002_nzi_002.mat
Source_8f_nxi_005_nyi_003_nzi_002.mat
Source_8f_nxi_005_nyi_004_nzi_002.mat
Source_8f_nxi_005_nyi_005_nzi_002.mat
Source_8f_nxi_005_nyi_006_nzi_002.mat
Source_8f_nxi_005_nyi_007_nzi_002.mat
Source_8f_nxi_005_nyi_008_nzi_002.mat
Source_8f_nxi_006_nyi_001_nzi_002.mat
Source_8f_nxi_006_nyi_002_nzi_002.mat
Source_8f_nxi_006_nyi_003_nzi_002.mat
Source_8f_nxi_006_nyi_004_nzi_002.mat
Source_8f_nxi_006_nyi_005_nzi_002.mat
Source_8f_nxi_006_nyi_006_nzi_002.mat
Source_8f_nxi_006_nyi_007_nzi_002.mat
Source_8f_nxi_006_nyi_008_nzi_002.mat
Source_8f_nxi_007_nyi_001_nzi_002.mat
Source_8f_nxi_007_nyi_002_nzi_002.mat
Source_8f_nxi_007_nyi_003_nzi_002.mat
Source_8f_nxi_007_nyi_004_nzi_002.mat
Source_8f_nxi_007_nyi_005_nzi_002.mat
Source_8f_nxi_007_nyi_006_nzi_002.mat
Source_8f_nxi_007_nyi_007_nzi_002.mat
Source_8f_nxi_007_nyi_008_nzi_002.mat
Source_8f_nxi_008_nyi_001_nzi_002.mat
Source_8f_nxi_008_nyi_002_nzi_002.mat
Source_8f_nxi_008_nyi_003_nzi_002.mat
Source_8f_nxi_008_nyi_004_nzi_002.mat
Source_8f_nxi_008_nyi_005_nzi_002.mat
Source_8f_nxi_008_nyi_006_nzi_002.mat
Source_8f_nxi_008_nyi_007_nzi_002.mat
Source_8f_nxi_008_nyi_008_nzi_002.mat
Source_8f_nxi_009_nyi_001_nzi_002.mat
Source_8f_nxi_009_nyi_002_nzi_002.mat
Source_8f_nxi_009_nyi_003_nzi_002.mat
Source_8f_nxi_009_nyi_004_nzi_002.mat
Source_8f_nxi_009_nyi_005_nzi_002.mat
Source_8f_nxi_009_nyi_006_nzi_002.mat
Source_8f_nxi_009_nyi_007_nzi_002.mat
Source_8f_nxi_009_nyi_008_nzi_002.mat
Source_8f_nxi_010_nyi_001_nzi_002.mat
Source_8f_nxi_010_nyi_002_nzi_002.mat
Source_8f_nxi_010_nyi_003_nzi_002.mat
Source_8f_nxi_010_nyi_004_nzi_002.mat
Source_8f_nxi_010_nyi_005_nzi_002.mat
Source_8f_nxi_010_nyi_006_nzi_002.mat
Source_8f_nxi_010_nyi_007_nzi_002.mat
Source_8f_nxi_010_nyi_008_nzi_002.mat
Source_8f_nxi_011_nyi_001_nzi_002.mat
Source_8f_nxi_011_nyi_002_nzi_002.mat
Source_8f_nxi_011_nyi_003_nzi_002.mat
Source_8f_nxi_011_nyi_004_nzi_002.mat
Source_8f_nxi_011_nyi_005_nzi_002.mat
Source_8f_nxi_011_nyi_006_nzi_002.mat
Source_8f_nxi_011_nyi_007_nzi_002.mat
Source_8f_nxi_011_nyi_008_nzi_002.mat
Source_8f_nxi_012_nyi_001_nzi_002.mat
Source_8f_nxi_012_nyi_002_nzi_002.mat
Source_8f_nxi_012_nyi_003_nzi_002.mat
Source_8f_nxi_012_nyi_004_nzi_002.mat
Source_8f_nxi_012_nyi_005_nzi_002.mat
Source_8f_nxi_012_nyi_006_nzi_002.mat
Source_8f_nxi_012_nyi_007_nzi_002.mat
Source_8f_nxi_012_nyi_008_nzi_002.mat
Source_8f_nxi_013_nyi_001_nzi_002.mat
Source_8f_nxi_013_nyi_002_nzi_002.mat
Source_8f_nxi_013_nyi_003_nzi_002.mat
Source_8f_nxi_013_nyi_004_nzi_002.mat
Source_8f_nxi_013_nyi_005_nzi_002.mat
Source_8f_nxi_013_nyi_006_nzi_002.mat
Source_8f_nxi_013_nyi_007_nzi_002.mat
Source_8f_nxi_013_nyi_008_nzi_002.mat
Source_8f_nxi_003_nyi_001_nzi_003.mat
Source_8f_nxi_003_nyi_002_nzi_003.mat
Source_8f_nxi_003_nyi_003_nzi_003.mat
Source_8f_nxi_003_nyi_004_nzi_003.mat
Source_8f_nxi_003_nyi_005_nzi_003.mat
Source_8f_nxi_003_nyi_006_nzi_003.mat
Source_8f_nxi_003_nyi_007_nzi_003.mat
